       1   1.854449000e-03   1.095300000e-05   2.020260000e-03
       2   1.432603000e-03   8.584000000e-06   1.550483000e-03
       3   1.418825000e-03   6.418000000e-06   1.527304000e-03
       4   1.404111000e-03   6.668000000e-06   1.513235000e-03
       5   1.411435000e-03   6.469000000e-06   1.518032000e-03
       6   1.537944000e-03   6.749000000e-06   1.676059000e-03
       7   1.398896000e-03   6.951000000e-06   1.505301000e-03
       8   1.407988000e-03   6.512000000e-06   1.512979000e-03
       9   1.401587000e-03   6.597000000e-06   1.506900000e-03
      10   1.403440000e-03   6.984000000e-06   1.508462000e-03
      11   1.403913000e-03   7.121000000e-06   1.511181000e-03
      12   1.405338000e-03   6.402000000e-06   1.510167000e-03
      13   1.404622000e-03   6.553000000e-06   1.515999000e-03
      14   1.398990000e-03   6.980000000e-06   1.505680000e-03
      15   1.399451000e-03   6.737000000e-06   1.503369000e-03
      16   1.549796000e-03   7.985000000e-06   1.656465000e-03
      17   1.402894000e-03   6.367000000e-06   1.510960000e-03
      18   1.411592000e-03   6.831000000e-06   1.516989000e-03
      19   1.400778000e-03   6.399000000e-06   1.505947000e-03
      20   1.410101000e-03   6.963000000e-06   1.515507000e-03
      21   1.408050000e-03   6.507000000e-06   1.512287000e-03
      22   1.405129000e-03   7.140000000e-06   1.511170000e-03
      23   1.415558000e-03   6.431000000e-06   1.520799000e-03
      24   1.401765000e-03   6.344000000e-06   1.506748000e-03
      25   1.401367000e-03   6.269000000e-06   1.507388000e-03
      26   1.409554000e-03   6.730000000e-06   1.519378000e-03
      27   1.532654000e-03   6.590000000e-06   1.639546000e-03
      28   1.416390000e-03   5.988000000e-06   1.520541000e-03
      29   1.403215000e-03   6.428000000e-06   1.509607000e-03
      30   1.405923000e-03   6.401000000e-06   1.509450000e-03
      31   1.407505000e-03   6.378000000e-06   1.510938000e-03
      32   1.402262000e-03   6.365000000e-06   1.506706000e-03
      33   1.403980000e-03   6.748000000e-06   1.508893000e-03
      34   1.421587000e-03   6.841000000e-06   1.527643000e-03
      35   1.405512000e-03   6.258000000e-06   1.511715000e-03
      36   1.423782000e-03   6.513000000e-06   1.527427000e-03
      37   1.409579000e-03   6.552000000e-06   1.515450000e-03
      38   1.505886000e-03   6.676000000e-06   1.619883000e-03
      39   1.423855000e-03   6.328000000e-06   1.530524000e-03
      40   1.408712000e-03   6.974000000e-06   1.515182000e-03
      41   1.416665000e-03   6.318000000e-06   1.523235000e-03
      42   1.413170000e-03   6.592000000e-06   1.518822000e-03
      43   1.415105000e-03   7.075000000e-06   1.518155000e-03
      44   1.431973000e-03   6.429000000e-06   1.537118000e-03
      45   1.425645000e-03   6.712000000e-06   1.532216000e-03
      46   1.427603000e-03   6.754000000e-06   1.534197000e-03
      47   1.418788000e-03   6.874000000e-06   1.524258000e-03
      48   1.544970000e-03   6.397000000e-06   1.649426000e-03
      49   1.419885000e-03   7.024000000e-06   1.525829000e-03
      50   1.417564000e-03   6.607000000e-06   1.524475000e-03
      51   1.431038000e-03   7.235000000e-06   1.536204000e-03
      52   1.419782000e-03   6.583000000e-06   1.527943000e-03
      53   1.426680000e-03   6.523000000e-06   1.530848000e-03
      54   1.432636000e-03   6.971000000e-06   1.538030000e-03
      55   1.412917000e-03   6.862000000e-06   1.518769000e-03
      56   1.414555000e-03   6.469000000e-06   1.520366000e-03
      57   1.429502000e-03   6.513000000e-06   1.533031000e-03
      58   1.415304000e-03   6.616000000e-06   1.520886000e-03
      59   1.579680000e-03   8.240000000e-06   1.687667000e-03
      60   1.433063000e-03   6.330000000e-06   1.540560000e-03
      61   1.431660000e-03   6.223000000e-06   1.535815000e-03
      62   1.437277000e-03   6.550000000e-06   1.542115000e-03
      63   1.430456000e-03   6.824000000e-06   1.537270000e-03
      64   1.435682000e-03   6.454000000e-06   1.540204000e-03
      65   1.426281000e-03   6.408000000e-06   1.533349000e-03
      66   1.425470000e-03   6.689000000e-06   1.531416000e-03
      67   1.452096000e-03   6.497000000e-06   1.557526000e-03
      68   1.431024000e-03   6.437000000e-06   1.536470000e-03
      69   1.524662000e-03   8.012000000e-06   1.634038000e-03
      70   1.487943000e-03   6.835000000e-06   1.608406000e-03
      71   1.433161000e-03   6.464000000e-06   1.538222000e-03
      72   1.436970000e-03   6.544000000e-06   1.542464000e-03
      73   1.435810000e-03   6.636000000e-06   1.542677000e-03
      74   1.445214000e-03   6.959000000e-06   1.550538000e-03
      75   1.434151000e-03   6.408000000e-06   1.539636000e-03
      76   1.432976000e-03   6.314000000e-06   1.538594000e-03
      77   1.446994000e-03   6.515000000e-06   1.555731000e-03
      78   1.435893000e-03   7.159000000e-06   1.542792000e-03
      79   1.440730000e-03   6.407000000e-06   1.546051000e-03
      80   1.558319000e-03   6.658000000e-06   1.662880000e-03
      81   1.437631000e-03   6.299000000e-06   1.541951000e-03
      82   1.450450000e-03   6.619000000e-06   1.555941000e-03
      83   1.439201000e-03   6.464000000e-06   1.545181000e-03
      84   1.451675000e-03   6.424000000e-06   1.558021000e-03
      85   1.441827000e-03   6.397000000e-06   1.547353000e-03
      86   1.441566000e-03   6.756000000e-06   1.546664000e-03
      87   1.455617000e-03   6.370000000e-06   1.560714000e-03
      88   1.442187000e-03   6.406000000e-06   1.547904000e-03
      89   1.445670000e-03   6.896000000e-06   1.551614000e-03
      90   1.442402000e-03   7.451000000e-06   1.554757000e-03
      91   1.625026000e-03   7.031000000e-06   1.736472000e-03
      92   1.448694000e-03   5.926000000e-06   1.553257000e-03
      93   1.439901000e-03   6.296000000e-06   1.546318000e-03
      94   1.456912000e-03   6.795000000e-06   1.561781000e-03
      95   1.450706000e-03   6.977000000e-06   1.555440000e-03
      96   1.446210000e-03   6.508000000e-06   1.551499000e-03
      97   1.455099000e-03   6.243000000e-06   1.560802000e-03
      98   1.445930000e-03   6.708000000e-06   1.552264000e-03
      99   1.457853000e-03   6.323000000e-06   1.561479000e-03
     100   1.445446000e-03   6.218000000e-06   1.550941000e-03
     101   1.648480000e-03   6.521000000e-06   1.752171000e-03
     102   1.458121000e-03   6.789000000e-06   1.562857000e-03
     103   1.450780000e-03   6.547000000e-06   1.560738000e-03
     104   1.450550000e-03   6.464000000e-06   1.554762000e-03
     105   1.451221000e-03   6.312000000e-06   1.556202000e-03
     106   1.446431000e-03   6.529000000e-06   1.551867000e-03
     107   1.449866000e-03   6.461000000e-06   1.556058000e-03
     108   1.445016000e-03   6.706000000e-06   1.550828000e-03
     109   1.459831000e-03   6.621000000e-06   1.565495000e-03
     110   1.454525000e-03   7.172000000e-06   1.560382000e-03
     111   1.618433000e-03   7.196000000e-06   1.722288000e-03
     112   1.460003000e-03   6.687000000e-06   1.564541000e-03
     113   1.450562000e-03   6.470000000e-06   1.555128000e-03
     114   1.451421000e-03   7.031000000e-06   1.556415000e-03
     115   1.454755000e-03   7.033000000e-06   1.560904000e-03
     116   1.445955000e-03   6.478000000e-06   1.553450000e-03
     117   1.450541000e-03   6.551000000e-06   1.555176000e-03
     118   1.448149000e-03   6.770000000e-06   1.553087000e-03
     119   1.457199000e-03   6.321000000e-06   1.561651000e-03
     120   1.448310000e-03   6.584000000e-06   1.553020000e-03
     121   1.572365000e-03   7.855000000e-06   1.680216000e-03
     122   1.457903000e-03   7.356000000e-06   1.568379000e-03
     123   1.450587000e-03   6.462000000e-06   1.556114000e-03
     124   1.463518000e-03   6.554000000e-06   1.568564000e-03
     125   1.450014000e-03   6.075000000e-06   1.554991000e-03
     126   1.448228000e-03   7.311000000e-06   1.552534000e-03
     127   1.451874000e-03   6.406000000e-06   1.556889000e-03
     128   1.451012000e-03   6.344000000e-06   1.559417000e-03
     129   1.459892000e-03   6.379000000e-06   1.564255000e-03
     130   1.452853000e-03   6.563000000e-06   1.558466000e-03
     131   1.450389000e-03   6.250000000e-06   1.555411000e-03
     132   1.666696000e-03   6.786000000e-06   3.150877000e-03
     133   1.496306000e-03   8.894000000e-06   1.609613000e-03
     134   1.467112000e-03   6.963000000e-06   1.575670000e-03
     135   1.464337000e-03   6.770000000e-06   1.572608000e-03
     136   1.465172000e-03   6.587000000e-06   1.569824000e-03
     137   1.460322000e-03   6.509000000e-06   1.564943000e-03
     138   1.467702000e-03   7.186000000e-06   1.572597000e-03
     139   1.458103000e-03   7.157000000e-06   1.563824000e-03
     140   1.457560000e-03   6.639000000e-06   1.563217000e-03
     141   1.731648000e-03   8.517000000e-06   1.845369000e-03
     142   1.460858000e-03   6.776000000e-06   1.569422000e-03
     143   1.466668000e-03   6.714000000e-06   1.571686000e-03
     144   1.457418000e-03   6.652000000e-06   1.563408000e-03
     145   1.454791000e-03   6.512000000e-06   1.559088000e-03
     146   1.467406000e-03   6.447000000e-06   1.572205000e-03
     147   1.460637000e-03   6.770000000e-06   1.566602000e-03
     148   1.465927000e-03   6.501000000e-06   1.570473000e-03
     149   1.459974000e-03   6.407000000e-06   1.564055000e-03
     150   1.462800000e-03   6.321000000e-06   1.567864000e-03
     151   1.516853000e-03   8.225000000e-06   1.626163000e-03
     152   1.516664000e-03   6.863000000e-06   1.629313000e-03
     153   1.477399000e-03   7.084000000e-06   1.585211000e-03
     154   1.465910000e-03   6.543000000e-06   1.575375000e-03
     155   1.466301000e-03   6.294000000e-06   1.576044000e-03
     156   1.463865000e-03   7.021000000e-06   1.569583000e-03
     157   1.463832000e-03   6.402000000e-06   1.568664000e-03
     158   1.472891000e-03   6.771000000e-06   1.576814000e-03
     159   1.464919000e-03   6.667000000e-06   1.570593000e-03
     160   1.468375000e-03   6.700000000e-06   1.580645000e-03
     161   1.462609000e-03   6.827000000e-06   1.569481000e-03
     162   1.586557000e-03   7.598000000e-06   1.691945000e-03
     163   1.471488000e-03   7.106000000e-06   1.578764000e-03
     164   1.464484000e-03   7.235000000e-06   1.570048000e-03
     165   1.473755000e-03   6.542000000e-06   1.578824000e-03
     166   1.468794000e-03   6.523000000e-06   1.574497000e-03
     167   1.472085000e-03   6.746000000e-06   1.581075000e-03
     168   1.472894000e-03   7.077000000e-06   1.577273000e-03
     169   1.468302000e-03   6.682000000e-06   1.573047000e-03
     170   1.474662000e-03   6.447000000e-06   1.577816000e-03
     171   1.464406000e-03   7.025000000e-06   1.570406000e-03
     172   1.649731000e-03   8.716000000e-06   1.758666000e-03
     173   1.479361000e-03   6.502000000e-06   1.585181000e-03
     174   1.471808000e-03   6.359000000e-06   1.577570000e-03
     175   1.471829000e-03   6.451000000e-06   1.577454000e-03
     176   1.453425000e-03   6.417000000e-06   2.919440200e-02
     177   1.506459000e-03   8.679000000e-06   1.618750000e-03
     178   1.492497000e-03   6.969000000e-06   1.600943000e-03
     179   1.479467000e-03   6.804000000e-06   1.591269000e-03
     180   1.486387000e-03   7.040000000e-06   1.593560000e-03
     181   1.471916000e-03   6.505000000e-06   1.578282000e-03
     182   1.483561000e-03   6.810000000e-06   1.588787000e-03
     183   1.479801000e-03   6.511000000e-06   1.585154000e-03
     184   1.470769000e-03   6.636000000e-06   1.576103000e-03
     185   1.479805000e-03   6.930000000e-06   1.585358000e-03
     186   1.659623000e-03   6.875000000e-06   1.764208000e-03
     187   1.473907000e-03   6.581000000e-06   1.578798000e-03
     188   1.478396000e-03   6.569000000e-06   1.583490000e-03
     189   1.472676000e-03   6.693000000e-06   1.579819000e-03
     190   1.476268000e-03   6.740000000e-06   1.581663000e-03
     191   1.475985000e-03   6.330000000e-06   1.581284000e-03
     192   1.474582000e-03   6.438000000e-06   1.584418000e-03
     193   1.480565000e-03   6.468000000e-06   1.582860000e-03
     194   1.473480000e-03   7.473000000e-06   1.577832000e-03
     195   1.476903000e-03   6.712000000e-06   1.582560000e-03
     196   1.636765000e-03   7.512000000e-06   1.745224000e-03
     197   1.479656000e-03   6.640000000e-06   1.585839000e-03
     198   1.477169000e-03   6.925000000e-06   1.591170000e-03
     199   1.475116000e-03   6.529000000e-06   1.579795000e-03
     200   1.483387000e-03   7.009000000e-06   1.589943000e-03
     201   1.473223000e-03   7.164000000e-06   1.578457000e-03
     202   1.475145000e-03   6.723000000e-06   1.585549000e-03
     203   1.476379000e-03   6.738000000e-06   1.581651000e-03
     204   1.477418000e-03   6.446000000e-06   1.583800000e-03
     205   1.478318000e-03   6.428000000e-06   1.589819000e-03
     206   1.666992000e-03   7.135000000e-06   1.772471000e-03
     207   2.879482000e-03   1.953800000e-05   3.026767000e-03
     208   1.607838000e-03   7.208000000e-06   1.720961000e-03
     209   1.494249000e-03   6.543000000e-06   1.598096000e-03
     210   1.480865000e-03   6.802000000e-06   1.586328000e-03
     211   1.481694000e-03   6.614000000e-06   4.232259300e-02
     212   1.507252000e-03   8.572000000e-06   1.621018000e-03
     213   1.503653000e-03   7.210000000e-06   1.612195000e-03
     214   1.495775000e-03   6.775000000e-06   1.603246000e-03
     215   1.495084000e-03   6.754000000e-06   1.599998000e-03
     216   1.486256000e-03   6.577000000e-06   1.589802000e-03
     217   1.483817000e-03   6.635000000e-06   1.588793000e-03
     218   1.491880000e-03   6.823000000e-06   1.600008000e-03
     219   1.484201000e-03   6.761000000e-06   1.589370000e-03
     220   1.479934000e-03   6.538000000e-06   1.583733000e-03
     221   1.617134000e-03   8.644000000e-06   1.726793000e-03
     222   1.536167000e-03   6.639000000e-06   1.651308000e-03
     223   1.492158000e-03   6.845000000e-06   1.596004000e-03
     224   1.483238000e-03   6.401000000e-06   1.588999000e-03
     225   1.490364000e-03   6.220000000e-06   1.594841000e-03
     226   1.484232000e-03   6.536000000e-06   1.589024000e-03
     227   1.485569000e-03   6.433000000e-06   1.588167000e-03
     228   1.490697000e-03   6.547000000e-06   1.592802000e-03
     229   1.487048000e-03   6.382000000e-06   1.591050000e-03
     230   1.492669000e-03   6.481000000e-06   1.595976000e-03
     231   1.542553000e-03   8.062000000e-06   1.657427000e-03
     232   1.536791000e-03   6.771000000e-06   1.647017000e-03
     233   1.494240000e-03   6.668000000e-06   1.599187000e-03
     234   1.483136000e-03   6.973000000e-06   1.588077000e-03
     235   1.493176000e-03   6.744000000e-06   1.599321000e-03
     236   1.484850000e-03   6.494000000e-06   1.590126000e-03
     237   1.489346000e-03   6.408000000e-06   1.592915000e-03
     238   1.497762000e-03   6.379000000e-06   1.601482000e-03
     239   1.492774000e-03   6.464000000e-06   1.597836000e-03
     240   1.499327000e-03   6.545000000e-06   1.603170000e-03
     241   1.563424000e-03   6.973000000e-06   1.670517000e-03
     242   1.518202000e-03   6.406000000e-06   1.640618000e-03
     243   1.441530000e-03   6.587000000e-06   2.630257000e-03
     244   1.534230000e-03   8.812000000e-06   1.646496000e-03
     245   1.506177000e-03   7.065000000e-06   1.612649000e-03
     246   1.491174000e-03   7.287000000e-06   1.596747000e-03
     247   1.510051000e-03   6.716000000e-06   1.617603000e-03
     248   1.489626000e-03   6.558000000e-06   1.596210000e-03
     249   1.496569000e-03   6.901000000e-06   1.601530000e-03
     250   1.490172000e-03   7.038000000e-06   1.595667000e-03
     251   1.834180000e-03   1.314900000e-05   1.944903000e-03
     252   1.489883000e-03   6.509000000e-06   1.593440000e-03
     253   1.502124000e-03   7.084000000e-06   4.622764200e-02
     254   1.501951000e-03   7.570000000e-06   1.615260000e-03
     255   1.609626000e-03   7.267000000e-06   1.717692000e-03
     256   1.499425000e-03   6.741000000e-06   1.607563000e-03
     257   1.493112000e-03   6.519000000e-06   1.597449000e-03
     258   1.493852000e-03   6.567000000e-06   1.598384000e-03
     259   1.487499000e-03   6.434000000e-06   1.592076000e-03
     260   1.489850000e-03   6.770000000e-06   1.593993000e-03
     261   1.494724000e-03   6.652000000e-06   1.598065000e-03
     262   1.485367000e-03   7.158000000e-06   1.591856000e-03
     263   1.499080000e-03   7.312000000e-06   1.605660000e-03
     264   1.495831000e-03   6.446000000e-06   1.601320000e-03
     265   1.611718000e-03   6.833000000e-06   1.716676000e-03
     266   1.499220000e-03   6.798000000e-06   1.604596000e-03
     267   1.491058000e-03   6.586000000e-06   1.595337000e-03
     268   1.500823000e-03   6.453000000e-06   1.603146000e-03
     269   1.487954000e-03   7.094000000e-06   1.597893000e-03
     270   1.485808000e-03   6.328000000e-06   1.589552000e-03
     271   1.499983000e-03   6.860000000e-06   1.605244000e-03
     272   1.477621000e-03   6.365000000e-06   2.282162400e-02
     273   1.526053000e-03   7.840000000e-06   1.655372000e-03
     274   1.496230000e-03   6.942000000e-06   1.601657000e-03
     275   1.503363000e-03   6.577000000e-06   1.608010000e-03
     276   1.491085000e-03   6.867000000e-06   1.597648000e-03
     277   1.500444000e-03   7.173000000e-06   1.605167000e-03
     278   1.491700000e-03   6.601000000e-06   1.597855000e-03
     279   1.483208000e-03   6.131000000e-06   1.585899000e-03
     280   1.497308000e-03   6.429000000e-06   1.601035000e-03
     281   1.490129000e-03   6.731000000e-06   1.597533000e-03
     282   1.774722000e-03   7.503000000e-06   1.888150000e-03
     283   1.491830000e-03   6.459000000e-06   1.595692000e-03
     284   1.492942000e-03   1.477900000e-05   1.604372000e-03
     285   1.490886000e-03   6.331000000e-06   1.594846000e-03
     286   1.485854000e-03   6.903000000e-06   1.590574000e-03
     287   1.486454000e-03   6.524000000e-06   1.588294000e-03
     288   1.471189000e-03   6.297000000e-06   1.576181000e-03
     289   1.476037000e-03   6.585000000e-06   1.581047000e-03
     290   1.467448000e-03   6.578000000e-06   1.572677000e-03
     291   1.465346000e-03   6.840000000e-06   1.569638000e-03
     292   1.560234000e-03   6.649000000e-06   1.666220000e-03
     293   1.467144000e-03   6.332000000e-06   1.592483000e-03
     294   1.474959000e-03   7.188000000e-06   1.585756000e-03
     295   1.457655000e-03   6.404000000e-06   1.562395000e-03
     296   1.458024000e-03   6.242000000e-06   1.561553000e-03
     297   1.466440000e-03   6.537000000e-06   1.568725000e-03
     298   1.453753000e-03   6.843000000e-06   1.560490000e-03
     299   1.496588000e-03   6.650000000e-06   1.632794900e-02
     300   1.499173000e-03   9.507000000e-06   1.612100000e-03
     301   1.474696000e-03   7.669000000e-06   1.583567000e-03
     302   1.457924000e-03   6.599000000e-06   1.564301000e-03
     303   1.459415000e-03   7.319000000e-06   1.565281000e-03
     304   1.584846000e-03   8.405000000e-06   1.691332000e-03
     305   1.464901000e-03   6.634000000e-06   1.570354000e-03
     306   1.452457000e-03   6.741000000e-06   1.558289000e-03
     307   1.445980000e-03   6.738000000e-06   1.553972000e-03
     308   1.450199000e-03   7.103000000e-06   1.555575000e-03
     309   1.445803000e-03   6.296000000e-06   1.548783000e-03
     310   1.449890000e-03   7.049000000e-06   1.554468000e-03
     311   1.439401000e-03   7.025000000e-06   1.543935000e-03
     312   1.440006000e-03   6.397000000e-06   1.543589000e-03
     313   1.453943000e-03   6.514000000e-06   1.557609000e-03
     314   1.541047000e-03   8.688000000e-06   1.650022000e-03
     315   1.456750000e-03   7.269000000e-06   1.579815000e-03
     316   1.439947000e-03   6.666000000e-06   1.544460000e-03
     317   1.441925000e-03   6.391000000e-06   1.546133000e-03
     318   1.437254000e-03   7.095000000e-06   1.549066000e-03
     319   1.439696000e-03   7.332000000e-06   1.545120000e-03
     320   1.443287000e-03   6.997000000e-06   1.551774000e-03
     321   1.437929000e-03   7.061000000e-06   1.543993000e-03
     322   1.431551000e-03   6.345000000e-06   1.534814000e-03
     323   1.445590000e-03   6.946000000e-06   1.551175000e-03
     324   1.435145000e-03   7.001000000e-06   1.540604000e-03
     325   1.594283000e-03   7.165000000e-06   3.344809700e-02
     326   1.564055000e-03   8.133000000e-06   1.677222000e-03
     327   1.442371000e-03   7.068000000e-06   1.548876000e-03
     328   1.444504000e-03   7.517000000e-06   1.550650000e-03
     329   1.431091000e-03   7.248000000e-06   1.537209000e-03
     330   1.437090000e-03   7.334000000e-06   1.541869000e-03
     331   1.431155000e-03   6.639000000e-06   1.537313000e-03
     332   1.431460000e-03   6.370000000e-06   1.535122000e-03
     333   1.429483000e-03   6.536000000e-06   1.535649000e-03
     334   1.425914000e-03   6.324000000e-06   1.530539000e-03
     335   1.427458000e-03   6.365000000e-06   1.529511000e-03
     336   1.427190000e-03   7.294000000e-06   1.533213000e-03
     337   1.534342000e-03   7.066000000e-06   1.646889000e-03
     338   1.431466000e-03   6.339000000e-06   1.535678000e-03
     339   1.421562000e-03   6.358000000e-06   1.526906000e-03
     340   1.427539000e-03   6.656000000e-06   1.533164000e-03
     341   1.418970000e-03   6.881000000e-06   1.523437000e-03
     342   1.420088000e-03   6.274000000e-06   1.524124000e-03
     343   1.428000000e-03   7.263000000e-06   1.533086000e-03
     344   1.422649000e-03   6.270000000e-06   1.527522000e-03
     345   1.417162000e-03   6.918000000e-06   1.526707000e-03
     346   1.435323000e-03   6.966000000e-06   1.541118000e-03
     347   1.547886000e-03   8.125000000e-06   1.654542000e-03
     348   1.432075000e-03   6.774000000e-06   1.538673000e-03
     349   1.418638000e-03   6.417000000e-06   1.521428000e-03
     350   1.472520000e-03   6.393000000e-06   2.880592700e-02
     351   1.510291000e-03   8.036000000e-06   1.642422000e-03
     352   1.431223000e-03   6.909000000e-06   1.538020000e-03
     353   1.421808000e-03   6.927000000e-06   1.533682000e-03
     354   1.423717000e-03   6.643000000e-06   1.530304000e-03
     355   1.416779000e-03   6.490000000e-06   1.521543000e-03
     356   1.423706000e-03   6.499000000e-06   1.529181000e-03
     357   1.412313000e-03   7.077000000e-06   1.517558000e-03
     358   1.415140000e-03   6.978000000e-06   1.523386000e-03
     359   1.428265000e-03   6.960000000e-06   1.533644000e-03
     360   1.414927000e-03   7.131000000e-06   1.521487000e-03
     361   1.452137000e-03   9.432000000e-06   1.568150000e-03
     362   1.515835000e-03   6.846000000e-06   1.632246000e-03
     363   1.416671000e-03   7.035000000e-06   1.520291000e-03
     364   1.427827000e-03   6.512000000e-06   1.530870000e-03
     365   1.410173000e-03   7.101000000e-06   1.516532000e-03
     366   1.438165000e-03   6.924000000e-06   1.543209000e-03
     367   1.412115000e-03   6.660000000e-06   1.518142000e-03
     368   1.411704000e-03   6.900000000e-06   1.516107000e-03
     369   1.424168000e-03   6.956000000e-06   1.530060000e-03
     370   1.409722000e-03   6.516000000e-06   1.514498000e-03
     371   1.419010000e-03   6.986000000e-06   1.527086000e-03
     372   1.548060000e-03   8.569000000e-06   1.655554000e-03
     373   1.410776000e-03   7.326000000e-06   1.515965000e-03
     374   1.481508000e-03   6.551000000e-06   3.658316000e-02
     375   1.443739000e-03   8.554000000e-06   1.557480000e-03
     376   1.424995000e-03   7.699000000e-06   1.532361000e-03
     377   1.443452000e-03   8.038000000e-06   1.550595000e-03
     378   1.409062000e-03   7.632000000e-06   1.516779000e-03
     379   1.407873000e-03   7.789000000e-06   1.514004000e-03
     380   1.416998000e-03   6.825000000e-06   1.521968000e-03
     381   1.454974000e-03   6.518000000e-06   1.561118000e-03
     382   1.468625000e-03   7.176000000e-06   1.594517000e-03
     383   1.402710000e-03   7.817000000e-06   1.509401000e-03
     384   1.410292000e-03   6.426000000e-06   1.518346000e-03
     385   1.415403000e-03   6.249000000e-06   1.518224000e-03
     386   1.401458000e-03   7.270000000e-06   1.506431000e-03
     387   1.411074000e-03   6.688000000e-06   1.515543000e-03
     388   1.402277000e-03   7.983000000e-06   1.506626000e-03
     389   1.402811000e-03   6.288000000e-06   1.505198000e-03
     390   1.411083000e-03   6.865000000e-06   1.512674000e-03
     391   1.396634000e-03   6.363000000e-06   1.499217000e-03
     392   1.592443000e-03   7.291000000e-06   1.698015000e-03
     393   1.441133000e-03   8.029000000e-06   1.573192000e-03
     394   1.403265000e-03   6.452000000e-06   1.507456000e-03
     395   1.412929000e-03   7.118000000e-06   1.516598000e-03
     396   1.400278000e-03   6.902000000e-06   1.508364000e-03
     397   1.500574000e-03   6.705000000e-06   4.087488800e-02
     398   1.445323000e-03   8.349000000e-06   1.557258000e-03
     399   1.574454000e-03   9.044000000e-06   1.684911000e-03
     400   1.415408000e-03   6.932000000e-06   1.521565000e-03
     401   1.400322000e-03   7.110000000e-06   1.505763000e-03
     402   1.396515000e-03   6.415000001e-06   1.498841000e-03
     403   1.407780000e-03   7.144000000e-06   1.512278000e-03
     404   1.398461000e-03   6.646000000e-06   1.502551000e-03
     405   1.394618000e-03   6.247000000e-06   1.498027000e-03
     406   1.398431000e-03   6.439000000e-06   1.506680000e-03
     407   1.397858000e-03   6.898000000e-06   1.502703000e-03
     408   1.400717000e-03   6.412000000e-06   1.505019000e-03
     409   1.420082000e-03   9.310000000e-06   1.531901000e-03
     410   1.478282000e-03   7.817000000e-06   1.582393000e-03
     411   1.403512000e-03   6.394000000e-06   1.506676000e-03
     412   1.394203000e-03   6.747000000e-06   1.497580000e-03
     413   1.414754000e-03   6.466000000e-06   1.518707000e-03
     414   1.397247000e-03   7.053000000e-06   1.501669000e-03
     415   1.392092000e-03   6.236000000e-06   1.494576000e-03
     416   1.398767000e-03   6.476000000e-06   1.501766000e-03
     417   1.393734000e-03   6.332000000e-06   1.498398000e-03
     418   1.387952000e-03   6.142000000e-06   1.489266000e-03
     419   1.409226000e-03   6.933000000e-06   3.924381900e-02
     420   1.437248000e-03   7.720000000e-06   1.546386000e-03
     421   1.401429000e-03   7.132000000e-06   1.511139000e-03
     422   1.402103000e-03   6.682000000e-06   1.508891000e-03
     423   1.404557000e-03   7.096000000e-06   1.508267000e-03
     424   1.393573000e-03   6.443000000e-06   1.497716000e-03
     425   1.401104000e-03   6.468000000e-06   1.504606000e-03
     426   1.394494000e-03   6.889000000e-06   1.497812000e-03
     427   1.390502000e-03   7.150000000e-06   1.493020000e-03
     428   1.507674000e-03   6.666000000e-06   1.610963000e-03
     429   1.392637000e-03   6.381000000e-06   1.497642000e-03
     430   1.401586000e-03   7.053000000e-06   1.504327000e-03
     431   1.388829000e-03   6.503000000e-06   1.491855000e-03
     432   1.388914000e-03   6.459000000e-06   1.491453000e-03
     433   1.397834000e-03   7.038000000e-06   1.500583000e-03
     434   1.386616000e-03   6.804000000e-06   1.490668000e-03
     435   1.387966000e-03   7.240000000e-06   1.494237000e-03
     436   1.398535000e-03   6.477000000e-06   1.502420000e-03
     437   1.387802000e-03   6.739000000e-06   1.492844000e-03
     438   1.394515000e-03   7.130000000e-06   1.497530000e-03
     439   1.426813000e-03   6.610000000e-06   1.532792000e-03
     440   1.442950000e-03   6.716000000e-06   1.564757000e-03
     441   1.451003000e-03   6.617000000e-06   2.654083500e-02
     442   1.427482000e-03   8.686000000e-06   1.538728000e-03
     443   1.415270000e-03   8.980000000e-06   1.522737000e-03
     444   1.487157000e-03   8.819000000e-06   1.600373000e-03
     445   1.403666000e-03   7.017000000e-06   1.510813000e-03
     446   1.391388000e-03   6.744000000e-06   1.495339000e-03
     447   1.390296000e-03   6.600000000e-06   1.495396000e-03
     448   1.392845000e-03   6.495000000e-06   1.500706000e-03
     449   1.384982000e-03   6.854000000e-06   1.490020000e-03
     450   1.387028000e-03   6.579000000e-06   1.488562000e-03
     451   1.385947000e-03   6.772000000e-06   1.490071000e-03
     452   1.384496000e-03   7.798000000e-06   1.489322000e-03
     453   1.387671000e-03   6.376000000e-06   1.490553000e-03
     454   1.617090000e-03   9.937000000e-06   1.732015000e-03
     455   2.148307000e-03   1.005500000e-05   2.287950000e-03
     456   2.177018000e-03   1.009100000e-05   2.322404000e-03
     457   2.235572000e-03   1.117500000e-05   2.382935000e-03
     458   2.227773000e-03   1.018300000e-05   2.389137000e-03
     459   2.221026000e-03   1.019600000e-05   2.368832000e-03
     460   2.207291000e-03   1.074100000e-05   2.355363000e-03
     461   2.196900000e-03   1.000300000e-05   2.343973000e-03
     462   2.281899000e-03   1.021300000e-05   1.335111600e-02
     463   2.229249000e-03   1.073300000e-05   2.382124000e-03
     464   2.222537000e-03   1.031700000e-05   2.369608000e-03
     465   2.198692000e-03   9.988000000e-06   2.347014000e-03
     466   2.201066000e-03   1.047100000e-05   2.356754000e-03
     467   2.195647000e-03   1.036200000e-05   2.341077000e-03
     468   2.196100000e-03   1.045100000e-05   2.342950000e-03
     469   2.196935000e-03   1.040200000e-05   2.341838000e-03
     470   2.187746000e-03   1.047100000e-05   2.333559000e-03
     471   2.189325000e-03   1.028600000e-05   2.341766000e-03
     472   2.195483000e-03   1.056600000e-05   2.343934000e-03
     473   2.177503000e-03   9.984000000e-06   2.330742000e-03
     474   2.194410000e-03   1.041900000e-05   2.339180000e-03
     475   2.200306000e-03   1.021500000e-05   2.346468000e-03
     476   2.141461000e-03   9.835000000e-06   2.285294000e-03
     477   2.066361000e-03   9.737000000e-06   2.209047000e-03
     478   1.418126000e-03   8.491000000e-06   1.530829000e-03
     479   1.504868000e-03   8.115000000e-06   1.613898000e-03
     480   1.394723000e-03   7.394000000e-06   1.501119000e-03
     481   1.381904000e-03   7.231000000e-06   1.487365000e-03
     482   1.389981000e-03   6.672000000e-06   2.738497000e-03
     483   1.404678000e-03   8.954000000e-06   1.517011000e-03
     484   1.397237000e-03   6.834000000e-06   1.501832000e-03
     485   1.385475000e-03   6.852000000e-06   1.490134000e-03
     486   1.385922000e-03   7.847000000e-06   1.495927000e-03
     487   1.386560000e-03   7.887000000e-06   1.491511000e-03
     488   1.385105000e-03   6.589000000e-06   1.489898000e-03
     489   1.506691000e-03   6.785000000e-06   1.611341000e-03
     490   1.381960000e-03   8.087000000e-06   1.487575000e-03
     491   1.377915000e-03   7.274000000e-06   1.481357000e-03
     492   1.383294000e-03   7.501000000e-06   1.486820000e-03
     493   1.378683000e-03   7.906000000e-06   1.485512000e-03
     494   1.378759000e-03   8.257000000e-06   1.484245000e-03
     495   1.377935000e-03   7.218000000e-06   1.487278000e-03
     496   1.374401000e-03   8.885000000e-06   1.481146000e-03
     497   1.380748000e-03   7.118000000e-06   1.485299000e-03
     498   1.376317000e-03   7.592000000e-06   1.481874000e-03
     499   1.486313000e-03   8.598000000e-06   1.599724000e-03
     500   1.443029000e-03   7.362000000e-06   1.548949000e-03
     501   1.375183000e-03   6.926000000e-06   1.479555000e-03
     502   1.410945000e-03   7.204000000e-06   2.698564000e-03
     503   1.404401000e-03   7.881000000e-06   1.514698000e-03
     504   1.394641000e-03   7.445000000e-06   1.502357000e-03
     505   1.381743000e-03   7.591000000e-06   1.489429000e-03
     506   1.380307000e-03   7.345000000e-06   1.485056000e-03
     507   1.377887000e-03   7.148000000e-06   1.482446000e-03
     508   1.374282000e-03   7.457000000e-06   1.481171000e-03
     509   1.379710000e-03   7.217000000e-06   1.482964000e-03
     510   1.453067000e-03   7.401000000e-06   1.560126000e-03
     511   1.392329000e-03   7.890000000e-06   1.529756000e-03
     512   1.378670000e-03   7.186000000e-06   1.483461000e-03
     513   1.377540000e-03   8.440000000e-06   1.483297000e-03
     514   1.372463000e-03   7.272000000e-06   1.476831000e-03
     515   1.378282000e-03   7.556000000e-06   1.482813000e-03
     516   1.371246000e-03   7.799000000e-06   1.476269000e-03
     517   1.373478000e-03   7.207000000e-06   1.477584000e-03
     518   1.365729000e-03   7.879000000e-06   1.471725000e-03
     519   1.370010000e-03   6.999000000e-06   1.473972000e-03
     520   1.377618000e-03   6.987000000e-06   1.481469000e-03
     521   1.479565000e-03   6.405000000e-06   1.582254000e-03
     522   1.457385000e-03   6.556000000e-06   7.105385000e-03
     523   1.410716000e-03   1.105800000e-05   1.527371000e-03
     524   1.402748000e-03   7.716000000e-06   1.516565000e-03
     525   1.380075000e-03   8.325000000e-06   1.486582000e-03
     526   1.376791000e-03   7.971000000e-06   1.482224000e-03
     527   1.374171000e-03   7.148000000e-06   1.478007000e-03
     528   1.494258000e-03   6.837000000e-06   1.599746000e-03
     529   1.383239000e-03   7.349000000e-06   1.490048000e-03
     530   1.371782000e-03   7.240000000e-06   1.475364000e-03
     531   1.367762000e-03   6.430000000e-06   1.472143000e-03
     532   1.410794000e-03   7.042000000e-06   1.515053000e-03
     533   1.369919000e-03   9.311000000e-06   1.477063000e-03
     534   1.369151000e-03   7.975000000e-06   1.473411000e-03
     535   1.370404000e-03   6.979000000e-06   1.505555000e-03
     536   1.367427000e-03   8.184000000e-06   1.473643000e-03
     537   1.369054000e-03   7.051000000e-06   1.475694000e-03
     538   1.365282000e-03   7.032000000e-06   1.470285000e-03
     539   1.460933000e-03   7.861000000e-06   1.568918000e-03
     540   1.371989000e-03   6.847000000e-06   1.480042000e-03
     541   1.375880000e-03   8.227000000e-06   2.667756000e-03
     542   1.410759000e-03   8.638000000e-06   1.522568000e-03
     543   1.382735000e-03   7.086000000e-06   1.490992000e-03
     544   1.381103000e-03   7.856000000e-06   1.487216000e-03
     545   1.376793000e-03   9.232000000e-06   1.484943000e-03
     546   1.369046000e-03   8.360000000e-06   1.475153000e-03
     547   1.372070000e-03   7.146000000e-06   1.475378000e-03
     548   1.369259000e-03   7.649000000e-06   1.475291000e-03
     549   1.493293000e-03   6.845000000e-06   1.596967000e-03
     550   1.372957000e-03   8.220000000e-06   1.482594000e-03
     551   1.368003000e-03   7.728000000e-06   1.473585000e-03
     552   1.370615000e-03   7.010000000e-06   1.476113000e-03
     553   1.369481000e-03   8.035000000e-06   1.475468000e-03
     554   1.364899000e-03   7.481000000e-06   1.470603000e-03
     555   1.369469000e-03   7.177000000e-06   1.471993000e-03
     556   1.364040000e-03   6.989000000e-06   1.468268000e-03
     557   1.370793000e-03   6.850000000e-06   1.473800000e-03
     558   1.383185000e-03   7.270000000e-06   1.487448000e-03
     559   1.368951000e-03   8.089000000e-06   1.474842000e-03
     560   1.560701000e-03   8.247000000e-06   2.866977000e-03
     561   1.386157000e-03   1.042700000e-05   1.497549000e-03
     562   1.380826000e-03   7.454000000e-06   1.491056000e-03
     563   1.466474000e-03   7.936000000e-06   1.574511000e-03
     564   1.384782000e-03   7.651000000e-06   1.491123000e-03
     565   1.368199000e-03   7.051000000e-06   1.473747000e-03
     566   1.364750000e-03   7.228000000e-06   1.468376000e-03
     567   1.368862000e-03   6.994000000e-06   1.472393000e-03
     568   1.360393000e-03   8.803000000e-06   1.465232000e-03
     569   1.358949000e-03   7.038000000e-06   1.465215000e-03
     570   1.485406000e-03   8.007000000e-06   1.593775000e-03
     571   1.384110000e-03   9.646000000e-06   1.508096000e-03
     572   1.371511000e-03   7.323000000e-06   1.476136000e-03
     573   1.360891000e-03   7.509000000e-06   1.467253000e-03
     574   1.355926000e-03   7.007000000e-06   1.458815000e-03
     575   1.370394000e-03   7.266000000e-06   1.479450000e-03
     576   1.357875000e-03   7.245000000e-06   1.462656000e-03
     577   1.355367000e-03   7.103000000e-06   1.458210000e-03
     578   1.398835000e-03   7.126000000e-06   1.389195300e-02
     579   1.400524000e-03   9.003000000e-06   1.514718000e-03
     580   1.381495000e-03   8.095000000e-06   1.488995000e-03
     581   1.366617000e-03   8.065000000e-06   1.474298000e-03
     582   1.363665000e-03   7.770000000e-06   1.469483000e-03
     583   1.363701000e-03   7.574000000e-06   1.469048000e-03
     584   1.476432000e-03   6.564000000e-06   1.580093000e-03
     585   1.365022000e-03   7.503000000e-06   1.469047000e-03
     586   1.363429000e-03   8.660000000e-06   1.471030000e-03
     587   1.359079000e-03   7.012000000e-06   1.462343000e-03
     588   1.385445000e-03   7.216000000e-06   1.493469000e-03
     589   1.360205000e-03   7.258000000e-06   1.465724000e-03
     590   1.355753000e-03   7.871000000e-06   1.459465000e-03
     591   1.357358000e-03   8.151000000e-06   1.462899000e-03
     592   1.355242000e-03   8.244000000e-06   1.459287000e-03
     593   1.363647000e-03   7.322000000e-06   1.468133000e-03
     594   1.357061000e-03   7.586000000e-06   1.463007000e-03
     595   1.487256000e-03   7.506000000e-06   1.591867000e-03
     596   1.371712000e-03   7.221000000e-06   2.680769000e-03
     597   1.401038000e-03   9.739000000e-06   1.512620000e-03
     598   1.392154000e-03   7.563000000e-06   1.499500000e-03
     599   1.367043000e-03   8.767000000e-06   1.472533000e-03
     600   1.371171000e-03   7.451000000e-06   1.476289000e-03
     601   1.396706000e-03   7.095000000e-06   1.507006000e-03
       1   1.909459000e-03   9.935000000e-06   2.053251000e-03
       2   1.467385000e-03   1.020800000e-05   1.605302000e-03
       3   1.408131000e-03   7.256000000e-06   1.516602000e-03
       4   1.411557000e-03   6.954000000e-06   1.518842000e-03
       5   1.397830000e-03   6.798000000e-06   1.505087000e-03
       6   1.392283000e-03   6.437000000e-06   1.497495000e-03
       7   1.396979000e-03   8.235000000e-06   1.506534000e-03
       8   1.409932000e-03   6.579000000e-06   1.515936000e-03
       9   1.481964000e-03   8.112000000e-06   1.592164000e-03
      10   1.539383000e-03   7.512000000e-06   1.657609000e-03
      11   1.400493000e-03   7.028000000e-06   1.505610000e-03
      12   1.417375000e-03   6.626000000e-06   1.538875000e-03
      13   1.399374000e-03   7.163000000e-06   1.509938000e-03
      14   1.407490000e-03   6.694000000e-06   1.512013000e-03
      15   1.393145000e-03   6.903000000e-06   1.499719000e-03
      16   1.396590000e-03   6.360000000e-06   1.500776000e-03
      17   1.409115000e-03   6.481000000e-06   1.515348000e-03
      18   1.472711000e-03   9.479000000e-06   1.581411000e-03
      19   1.508182000e-03   8.125000000e-06   1.620132000e-03
      20   1.400872000e-03   6.568000000e-06   1.506073000e-03
      21   1.396119000e-03   7.202000000e-06   1.501828000e-03
      22   1.410389000e-03   6.651000000e-06   1.516412000e-03
      23   1.397013000e-03   6.422000000e-06   1.502991000e-03
      24   1.406007000e-03   6.627000000e-06   1.509645000e-03
      25   1.396521000e-03   6.491000000e-06   1.502679000e-03
      26   1.395818000e-03   7.761000000e-06   1.509826000e-03
      27   1.417316000e-03   6.587000000e-06   1.521069000e-03
      28   1.405252000e-03   6.343000000e-06   1.511806000e-03
      29   1.397459000e-03   6.369000000e-06   1.501185000e-03
      30   1.406026000e-03   6.428000000e-06   1.513783000e-03
      31   1.395353000e-03   7.172000000e-06   1.501795000e-03
      32   1.486445000e-03   6.539000000e-06   1.591995000e-03
      33   1.506322000e-03   9.585000000e-06   1.618046000e-03
      34   1.407285000e-03   7.599000000e-06   1.517391000e-03
      35   1.409231000e-03   6.654000000e-06   1.514496000e-03
      36   1.407911000e-03   6.641000000e-06   1.515611000e-03
      37   1.415732000e-03   6.464000000e-06   1.522194000e-03
      38   1.410627000e-03   6.855000000e-06   1.516901000e-03
      39   1.411467000e-03   6.244000000e-06   1.518888000e-03
      40   1.432726000e-03   6.751000000e-06   1.537691000e-03
      41   1.404755000e-03   6.540000000e-06   1.511736000e-03
      42   1.478606000e-03   8.522000000e-06   1.588532000e-03
      43   1.558075000e-03   8.216000000e-06   1.676173000e-03
      44   1.420019000e-03   6.668000000e-06   1.526922000e-03
      45   1.416382000e-03   6.633000000e-06   1.519741000e-03
      46   1.409228000e-03   6.657000000e-06   1.513236000e-03
      47   1.429774000e-03   7.908000000e-06   1.535469000e-03
      48   1.408678000e-03   6.298000000e-06   1.514914000e-03
      49   1.410835000e-03   6.771000000e-06   1.517750000e-03
      50   1.420529000e-03   6.447000000e-06   1.525179000e-03
      51   1.441315000e-03   6.849000000e-06   1.548913000e-03
      52   1.568765000e-03   6.647000000e-06   1.686683000e-03
      53   1.472653000e-03   6.687000000e-06   1.596305000e-03
      54   1.498077000e-03   8.759000000e-06   2.261343600e-02
      55   1.440542000e-03   8.060000000e-06   1.561654000e-03
      56   1.415889000e-03   6.842000000e-06   1.522554000e-03
      57   1.422701000e-03   6.689000000e-06   1.529251000e-03
      58   1.410695000e-03   7.082000000e-06   1.518779000e-03
      59   1.487735000e-03   7.402000000e-06   1.596617000e-03
      60   1.588537000e-03   6.856000000e-06   1.693837000e-03
      61   1.437697000e-03   7.782000000e-06   1.558743000e-03
      62   1.435399000e-03   7.126000000e-06   1.543361000e-03
      63   1.424643000e-03   7.018000000e-06   1.531443000e-03
      64   1.425902000e-03   7.247000000e-06   1.532908000e-03
      65   1.448173000e-03   6.804000000e-06   1.558159000e-03
      66   1.423189000e-03   6.864000000e-06   1.530621000e-03
      67   1.445159000e-03   7.664000000e-06   1.551491000e-03
      68   1.424385000e-03   6.889000000e-06   1.529802000e-03
      69   1.421237000e-03   6.990000000e-06   1.526940000e-03
      70   1.445402000e-03   6.839000000e-06   1.549521000e-03
      71   1.432284000e-03   6.497000000e-06   1.537035000e-03
      72   1.438909000e-03   8.598000000e-06   1.546265000e-03
      73   1.430407000e-03   6.438000000e-06   1.535960000e-03
      74   1.431920000e-03   6.531000000e-06   1.537994000e-03
      75   1.436422000e-03   6.620000000e-06   1.539781000e-03
      76   1.517532000e-03   6.738000000e-06   1.624006000e-03
      77   1.593125000e-03   7.951000000e-06   1.716233000e-03
      78   1.440605000e-03   6.754000000e-06   1.553248000e-03
      79   1.430255000e-03   6.535000000e-06   1.536062000e-03
      80   1.442059000e-03   6.686000000e-06   1.547537000e-03
      81   1.432014000e-03   6.993000000e-06   1.538541000e-03
      82   1.444914000e-03   6.217000000e-06   1.551163000e-03
      83   1.433429000e-03   6.204000000e-06   1.538116000e-03
      84   1.438972000e-03   6.331000000e-06   1.542962000e-03
      85   1.442134000e-03   6.551000000e-06   1.547119000e-03
      86   1.432467000e-03   6.006000000e-06   1.535255000e-03
      87   1.450497000e-03   6.830000000e-06   1.554753000e-03
      88   1.436592000e-03   6.389000000e-06   1.542696000e-03
      89   1.433303000e-03   6.287000000e-06   1.538799000e-03
      90   1.446928000e-03   6.427000000e-06   1.556179000e-03
      91   1.439911000e-03   6.422000000e-06   1.544845000e-03
      92   1.451149000e-03   6.334000000e-06   1.556188000e-03
      93   1.433824000e-03   6.302000000e-06   1.537910000e-03
      94   1.482844000e-03   6.817000000e-06   1.590681000e-03
      95   1.611838000e-03   7.687000000e-06   1.720688000e-03
      96   1.449524000e-03   6.687000000e-06   1.558190000e-03
      97   1.454428000e-03   6.458000000e-06   1.558800000e-03
      98   1.440671000e-03   6.845000000e-06   1.546563000e-03
      99   1.438883000e-03   7.012000000e-06   1.542757000e-03
     100   1.465935000e-03   6.493000000e-06   1.569751000e-03
     101   1.454034000e-03   6.622000000e-06   1.561389000e-03
     102   1.447837000e-03   8.140000000e-06   1.564991000e-03
     103   1.612475000e-03   7.389000000e-06   1.738863000e-03
     104   1.516605000e-03   8.682000000e-06   1.629478000e-03
     105   1.458329000e-03   6.554000000e-06   1.563301000e-03
     106   1.464568000e-03   6.664000000e-06   1.570742000e-03
     107   1.453866000e-03   6.888000000e-06   1.558471000e-03
     108   1.441336000e-03   6.421000000e-06   1.549255000e-03
     109   1.442205000e-03   6.540000000e-06   1.546974000e-03
     110   1.460229000e-03   6.514000000e-06   1.566862000e-03
     111   1.445181000e-03   6.497000000e-06   1.551746000e-03
     112   2.729193000e-03   1.709100000e-05   2.875445000e-03
     113   1.637726000e-03   1.019900000e-05   1.756859000e-03
     114   1.668001000e-03   8.418000000e-06   1.782318000e-03
     115   1.449702000e-03   6.672000000e-06   1.555842000e-03
     116   1.547778000e-03   8.994000000e-06   1.655839000e-03
     117   1.451135000e-03   6.730000000e-06   1.558161000e-03
     118   1.447403000e-03   6.856000000e-06   1.552156000e-03
     119   1.466855000e-03   7.290000000e-06   1.572107000e-03
     120   1.535091000e-03   7.336000000e-06   1.643912000e-03
     121   1.515695000e-03   7.205000000e-06   1.634069000e-03
     122   1.452919000e-03   7.375000000e-06   1.562386000e-03
     123   1.535064000e-03   7.055000000e-06   1.642522000e-03
     124   1.448842000e-03   6.979000000e-06   1.555562000e-03
     125   1.446109000e-03   6.586000000e-06   1.550968000e-03
     126   1.460409000e-03   6.519000000e-06   1.563660000e-03
     127   1.449480000e-03   6.666000000e-06   1.555355000e-03
     128   1.461877000e-03   6.467000000e-06   1.572007000e-03
     129   1.657874000e-03   8.221000000e-06   1.768774000e-03
     130   1.847795000e-03   8.568000000e-06   1.966562000e-03
     131   1.472490000e-03   6.912000000e-06   1.580851000e-03
     132   1.447334000e-03   8.394000000e-06   2.774580600e-02
     133   1.491436000e-03   8.445000000e-06   1.604523000e-03
     134   1.478859000e-03   7.088000000e-06   1.586314000e-03
     135   1.459768000e-03   6.767000000e-06   1.567436000e-03
     136   1.525198000e-03   6.880000000e-06   1.628991000e-03
     137   1.511956000e-03   8.136000000e-06   1.621931000e-03
     138   1.470493000e-03   7.615000000e-06   1.579197000e-03
     139   1.538744000e-03   6.766000000e-06   1.644674000e-03
     140   1.464696000e-03   6.515000000e-06   1.572597000e-03
     141   1.460012000e-03   6.709000000e-06   1.569911000e-03
     142   1.455195000e-03   6.637000000e-06   1.567270000e-03
     143   1.455111000e-03   6.461000000e-06   1.561065000e-03
     144   1.467969000e-03   6.599000000e-06   1.572801000e-03
     145   1.451034000e-03   7.120000000e-06   1.557924000e-03
     146   1.465042000e-03   6.477000000e-06   1.568034000e-03
     147   1.464076000e-03   6.620000000e-06   1.570421000e-03
     148   1.467526000e-03   7.774000000e-06   1.573685000e-03
     149   1.470419000e-03   6.926000000e-06   1.576159000e-03
     150   1.484481000e-03   7.086000000e-06   1.589402000e-03
     151   1.460763000e-03   6.579000000e-06   1.572720000e-03
     152   1.461165000e-03   6.653000000e-06   1.566946000e-03
     153   1.460440000e-03   6.489000000e-06   1.563344000e-03
     154   1.488717000e-03   6.615000000e-06   1.597721000e-03
     155   1.461963000e-03   6.554000000e-06   1.568143000e-03
     156   1.480185000e-03   7.620000000e-06   1.586135000e-03
     157   1.462589000e-03   7.134000000e-06   1.567365000e-03
     158   1.460098000e-03   6.689000000e-06   1.564188000e-03
     159   1.466261000e-03   6.519000000e-06   1.570173000e-03
     160   1.518387000e-03   7.864000000e-06   1.629624000e-03
     161   1.622712000e-03   6.718000000e-06   1.729292000e-03
     162   1.467997000e-03   6.498000000e-06   1.573142000e-03
     163   1.461258000e-03   6.307000000e-06   1.565139000e-03
     164   1.471317000e-03   6.519000000e-06   1.576775000e-03
     165   1.466407000e-03   6.522000000e-06   1.573090000e-03
     166   1.501975000e-03   6.639000000e-06   1.607010000e-03
     167   1.471536000e-03   6.456000000e-06   1.582297000e-03
     168   1.465099000e-03   6.512000000e-06   1.570521000e-03
     169   1.478049000e-03   6.740000000e-06   1.584608000e-03
     170   1.468937000e-03   7.486000000e-06   1.574668000e-03
     171   1.470055000e-03   6.437000000e-06   1.573714000e-03
     172   1.467335000e-03   6.901000000e-06   1.573677000e-03
     173   1.466841000e-03   6.502000000e-06   1.569265000e-03
     174   1.470623000e-03   6.364000000e-06   1.574721000e-03
     175   1.465837000e-03   6.463000000e-06   1.571618000e-03
     176   1.465611000e-03   6.662000000e-06   4.624153800e-02
     177   1.547670000e-03   1.026100000e-05   1.670102000e-03
     178   1.496393000e-03   9.151000000e-06   1.606529000e-03
     179   1.477905000e-03   6.729000000e-06   1.588602000e-03
     180   1.488509000e-03   6.874000000e-06   1.591944000e-03
     181   1.477059000e-03   8.487000000e-06   1.583948000e-03
     182   1.487156000e-03   7.972000000e-06   1.596097000e-03
     183   1.485021000e-03   7.965000000e-06   1.591915000e-03
     184   1.472387000e-03   7.472000000e-06   1.579894000e-03
     185   1.468556000e-03   6.381000000e-06   1.572333000e-03
     186   1.551212000e-03   7.191000000e-06   1.656501000e-03
     187   1.472136000e-03   6.491000000e-06   1.577032000e-03
     188   1.475152000e-03   7.308000000e-06   1.579864000e-03
     189   1.474249000e-03   6.556000000e-06   1.578301000e-03
     190   1.467069000e-03   6.722000000e-06   1.571709000e-03
     191   1.478286000e-03   6.519000000e-06   1.580577000e-03
     192   1.472508000e-03   6.455000000e-06   1.585924000e-03
     193   1.487205000e-03   7.342000000e-06   1.591510000e-03
     194   1.471411000e-03   6.686000000e-06   1.576846000e-03
     195   1.468228000e-03   6.472000000e-06   1.570974000e-03
     196   1.470519000e-03   6.497000000e-06   1.576189000e-03
     197   1.565755000e-03   9.201000000e-06   1.674829000e-03
     198   1.491244000e-03   6.865000000e-06   1.598809000e-03
     199   1.476344000e-03   6.976000000e-06   1.582545000e-03
     200   1.496668000e-03   6.627000000e-06   1.602683000e-03
     201   1.472150000e-03   6.804000000e-06   1.579602000e-03
     202   1.476019000e-03   6.799000000e-06   1.580897000e-03
     203   1.484278000e-03   6.754000000e-06   1.589555000e-03
     204   1.475235000e-03   7.066000000e-06   1.581384000e-03
     205   1.481424000e-03   6.545000000e-06   1.593877000e-03
     206   1.477888000e-03   6.513000000e-06   1.582543000e-03
     207   1.473804000e-03   6.193000000e-06   1.578432000e-03
     208   1.485625000e-03   6.685000000e-06   1.592331000e-03
     209   1.482278000e-03   6.993000000e-06   1.587546000e-03
     210   1.487528000e-03   6.483000000e-06   1.593079000e-03
     211   1.476923000e-03   6.642000000e-06   1.047366910e-01
     212   1.570075000e-03   1.166500000e-05   1.699267000e-03
     213   1.584661000e-03   9.149000000e-06   1.700524000e-03
     214   1.772701000e-03   8.740000000e-06   1.889110000e-03
     215   1.516840000e-03   7.948000000e-06   1.623334000e-03
     216   1.482181000e-03   6.758000000e-06   1.588792000e-03
     217   1.479483000e-03   6.608000000e-06   1.586091000e-03
     218   1.495298000e-03   6.508000000e-06   1.603002000e-03
     219   1.480994000e-03   6.561000000e-06   1.587581000e-03
     220   1.489509000e-03   6.466000000e-06   1.595912000e-03
     221   1.489925000e-03   6.279000000e-06   1.606077000e-03
     222   1.486300000e-03   6.493000000e-06   1.589931000e-03
     223   1.490464000e-03   6.423000000e-06   1.594335000e-03
     224   1.651687000e-03   7.582000000e-06   1.763956000e-03
     225   2.210127000e-03   1.093900000e-05   2.337012000e-03
     226   2.274271000e-03   8.571000000e-06   2.425709000e-03
     227   1.939520000e-03   7.447000000e-06   2.070491000e-03
     228   1.491418000e-03   6.687000000e-06   1.599835000e-03
     229   1.508540000e-03   7.119000000e-06   1.616488000e-03
     230   1.485358000e-03   6.410000000e-06   1.590327000e-03
     231   1.497948000e-03   6.647000000e-06   1.605776000e-03
     232   1.489868000e-03   6.313000000e-06   1.595574000e-03
     233   1.485659000e-03   8.150000000e-06   1.591529000e-03
     234   1.496278000e-03   6.596000000e-06   1.601252000e-03
     235   1.485185000e-03   6.483000000e-06   1.590458000e-03
     236   1.529010000e-03   7.059000000e-06   1.635695000e-03
     237   1.491372000e-03   7.244000000e-06   1.596938000e-03
     238   1.494998000e-03   7.201000000e-06   1.599503000e-03
     239   1.649828000e-03   6.826000000e-06   1.766959000e-03
     240   1.501135000e-03   6.549000000e-06   1.607126000e-03
     241   1.505463000e-03   6.558000000e-06   1.613480000e-03
     242   1.488577000e-03   6.434000000e-06   1.595632000e-03
     243   1.576102000e-03   1.076200000e-05   4.165696400e-02
     244   1.627492000e-03   9.530000000e-06   1.744397000e-03
     245   1.688760000e-03   9.041000000e-06   1.805622000e-03
     246   1.871098000e-03   8.169000000e-06   2.008346000e-03
     247   1.496856000e-03   8.044000000e-06   1.605361000e-03
     248   1.496991000e-03   6.750000000e-06   1.601061000e-03
     249   1.490277000e-03   6.498000000e-06   1.595498000e-03
     250   1.494612000e-03   6.566000000e-06   1.599733000e-03
     251   1.484033000e-03   7.932000000e-06   1.592788000e-03
     252   1.672177000e-03   9.015000000e-06   1.782746000e-03
     253   1.571218000e-03   8.394000000e-06   1.679074000e-03
     254   1.493600000e-03   7.181000000e-06   1.598108000e-03
     255   1.506676000e-03   7.307000000e-06   1.611313000e-03
     256   1.494642000e-03   6.613000000e-06   1.603652000e-03
     257   1.500750000e-03   8.097000000e-06   1.607675000e-03
     258   1.494111000e-03   6.577000000e-06   1.597110000e-03
     259   1.576924000e-03   7.670000000e-06   1.685065000e-03
     260   1.629381000e-03   7.832000000e-06   1.743842000e-03
     261   1.492907000e-03   6.882000000e-06   1.600726000e-03
     262   1.663940000e-03   6.762000000e-06   1.768939000e-03
     263   1.492549000e-03   6.457000000e-06   1.599032000e-03
     264   1.513687000e-03   6.802000000e-06   1.618483000e-03
     265   1.486298000e-03   7.283000000e-06   1.592301000e-03
     266   1.489517000e-03   6.897000000e-06   1.594623000e-03
     267   1.496908000e-03   6.599000000e-06   1.600307000e-03
     268   1.494502000e-03   6.495000000e-06   1.600715000e-03
     269   1.498105000e-03   6.844000000e-06   1.604041000e-03
     270   1.487422000e-03   6.640000000e-06   1.592184000e-03
     271   1.493036000e-03   7.307000000e-06   1.598763000e-03
     272   1.584484000e-03   8.034000000e-06   5.512633400e-02
     273   1.594167000e-03   1.078100000e-05   1.719096000e-03
     274   1.508288000e-03   8.680000000e-06   1.619920000e-03
     275   1.495703000e-03   6.826000000e-06   1.602718000e-03
     276   1.490687000e-03   6.835000000e-06   1.594892000e-03
     277   1.488978000e-03   7.287000000e-06   1.595784000e-03
     278   1.507028000e-03   7.250000000e-06   1.612532000e-03
     279   1.485030000e-03   6.620000000e-06   1.591202000e-03
     280   1.614218000e-03   7.066000000e-06   1.725727000e-03
     281   1.497341000e-03   6.743000000e-06   1.606328000e-03
     282   1.485250000e-03   6.606000000e-06   1.592222000e-03
     283   1.499592000e-03   6.566000000e-06   1.604418000e-03
     284   1.488048000e-03   6.551000000e-06   1.594021000e-03
     285   1.498578000e-03   7.369000000e-06   1.603862000e-03
     286   1.483501000e-03   6.811000000e-06   1.587503000e-03
     287   1.476106000e-03   6.935000000e-06   1.579615000e-03
     288   1.476099000e-03   6.859000000e-06   1.582436000e-03
     289   1.467776000e-03   6.654000000e-06   1.572988000e-03
     290   1.616717000e-03   8.778000000e-06   1.721589000e-03
     291   1.466155000e-03   6.794000000e-06   1.573098000e-03
     292   1.463238000e-03   6.494000000e-06   1.566490000e-03
     293   1.471156000e-03   6.710000000e-06   1.575829000e-03
     294   1.462598000e-03   6.651000000e-06   1.571084000e-03
     295   1.464343000e-03   6.469000000e-06   1.567925000e-03
     296   1.455130000e-03   6.764000000e-06   1.561037000e-03
     297   1.450582000e-03   6.403000000e-06   1.553843000e-03
     298   1.457532000e-03   6.294999999e-06   1.559330000e-03
     299   1.979096000e-03   8.454000000e-06   5.310236300e-02
     300   1.515037000e-03   1.136600000e-05   1.638817000e-03
     301   1.473195000e-03   7.521000000e-06   1.585295000e-03
     302   1.986014000e-03   9.051000000e-06   2.099106000e-03
     303   1.465644000e-03   6.736000000e-06   1.576316000e-03
     304   1.446084000e-03   6.788000000e-06   1.552282000e-03
     305   1.456347000e-03   6.718000000e-06   1.561213000e-03
     306   1.447225000e-03   6.512000000e-06   1.551752000e-03
     307   1.445625000e-03   6.651000000e-06   1.553357000e-03
     308   1.457552000e-03   6.520000000e-06   1.562537000e-03
     309   1.649464000e-03   8.298000000e-06   1.759832000e-03
     310   1.455395000e-03   6.839000000e-06   1.565414000e-03
     311   1.437713000e-03   6.571000000e-06   1.544681000e-03
     312   1.435130000e-03   6.111000000e-06   1.537209000e-03
     313   1.449163000e-03   6.502000000e-06   1.553626000e-03
     314   1.439546000e-03   6.412000000e-06   1.544594000e-03
     315   1.456933000e-03   6.862000000e-06   1.559875000e-03
     316   1.439341000e-03   6.640000000e-06   1.545435000e-03
     317   1.434936000e-03   6.241000000e-06   1.538528000e-03
     318   1.438686000e-03   6.310000000e-06   1.541632000e-03
     319   1.435063000e-03   6.805000000e-06   1.539992000e-03
     320   1.589643000e-03   8.209000000e-06   1.698886000e-03
     321   1.433231000e-03   6.527000000e-06   1.540410000e-03
     322   1.426646000e-03   6.555000000e-06   1.530056000e-03
     323   1.437296000e-03   7.114000000e-06   1.541208000e-03
     324   1.428148000e-03   6.439000000e-06   1.531742000e-03
     325   1.483075000e-03   6.502000000e-06   5.129720100e-02
     326   1.478737000e-03   9.232000000e-06   1.596679000e-03
     327   1.459979000e-03   6.989000000e-06   1.566778000e-03
     328   1.434645000e-03   7.142000000e-06   1.542942000e-03
     329   1.439178000e-03   6.567000000e-06   1.544977000e-03
     330   1.432313000e-03   6.562000000e-06   1.537340000e-03
     331   1.425465000e-03   6.142000000e-06   1.527914000e-03
     332   1.745264000e-03   8.600000000e-06   1.858381000e-03
     333   1.579794000e-03   7.338000000e-06   1.717244000e-03
     334   1.438833000e-03   6.587000000e-06   1.543358000e-03
     335   1.425603000e-03   6.654000000e-06   1.532376000e-03
     336   1.436467000e-03   6.292000000e-06   1.540188000e-03
     337   1.423044000e-03   6.468000000e-06   1.527242000e-03
     338   1.425115000e-03   6.408000000e-06   1.529908000e-03
     339   1.427958000e-03   6.194000000e-06   1.532241000e-03
     340   1.422687000e-03   6.949000000e-06   1.528642000e-03
     341   1.526995000e-03   8.037000000e-06   1.635092000e-03
     342   1.423281000e-03   6.515000000e-06   1.529586000e-03
     343   1.422183000e-03   6.471000000e-06   1.527264000e-03
     344   1.424211000e-03   6.501000000e-06   1.526637000e-03
     345   1.413848000e-03   6.446000000e-06   1.520675000e-03
     346   1.415873000e-03   6.409000000e-06   1.518816000e-03
     347   1.425034000e-03   6.684000000e-06   1.527874000e-03
     348   1.413744000e-03   6.320000000e-06   1.517617000e-03
     349   1.421462000e-03   6.345000000e-06   1.525498000e-03
     350   1.467703000e-03   6.605000000e-06   5.011427200e-02
     351   1.454074000e-03   9.205000000e-06   1.565334000e-03
     352   1.428949000e-03   7.513000000e-06   1.536778000e-03
     353   1.537816000e-03   6.641000000e-06   1.642570000e-03
     354   1.424859000e-03   6.931000000e-06   1.530725000e-03
     355   1.413591000e-03   6.954000000e-06   1.518478000e-03
     356   1.420956000e-03   6.468000000e-06   1.524904000e-03
     357   1.410963000e-03   6.810000000e-06   1.515923000e-03
     358   1.411919000e-03   6.706000000e-06   1.516886000e-03
     359   1.412517000e-03   6.685000000e-06   1.514925000e-03
     360   1.413295000e-03   6.990000000e-06   1.518938000e-03
     361   1.408693000e-03   6.626000000e-06   1.512112000e-03
     362   1.418450000e-03   6.330000000e-06   1.521850000e-03
     363   1.520974000e-03   9.120000000e-06   1.632127000e-03
     364   1.418936000e-03   6.422000000e-06   1.527475000e-03
     365   1.407288000e-03   6.458000000e-06   1.512238000e-03
     366   1.405016000e-03   6.354000000e-06   1.506830000e-03
     367   1.408163000e-03   7.042000000e-06   1.510998000e-03
     368   1.405718000e-03   6.347000000e-06   1.508847000e-03
     369   1.417120000e-03   6.433000000e-06   1.520392000e-03
     370   1.406197000e-03   6.452000000e-06   1.510633000e-03
     371   1.403537000e-03   6.449000000e-06   1.511443000e-03
     372   1.412204000e-03   6.729000000e-06   1.516515000e-03
     373   1.402243000e-03   6.447000000e-06   1.505685000e-03
     374   1.587701000e-03   6.970000000e-06   5.244480100e-02
     375   1.461956000e-03   9.062000000e-06   1.576445000e-03
     376   1.428953000e-03   6.985000000e-06   1.538181000e-03
     377   1.411611000e-03   6.646000000e-06   1.517779000e-03
     378   1.436858000e-03   7.200000000e-06   1.542325000e-03
     379   1.405674000e-03   6.470000000e-06   1.511159000e-03
     380   1.415061000e-03   6.685000000e-06   1.520587000e-03
     381   1.410867000e-03   6.400000000e-06   1.514275000e-03
     382   1.404185000e-03   6.320000000e-06   1.507004000e-03
     383   1.412040000e-03   6.547000000e-06   1.516291000e-03
     384   1.479977000e-03   6.690000000e-06   1.595289000e-03
     385   1.428421000e-03   6.980000000e-06   1.551381000e-03
     386   1.407155000e-03   6.441000000e-06   1.512311000e-03
     387   1.402032000e-03   6.531000000e-06   1.505626000e-03
     388   1.415626000e-03   6.359000000e-06   1.518833000e-03
     389   1.404278000e-03   6.592000000e-06   1.507035000e-03
     390   1.405277000e-03   6.355000000e-06   1.509887000e-03
     391   1.423647000e-03   6.639000000e-06   1.528155000e-03
     392   1.402101000e-03   6.163000000e-06   1.508782000e-03
     393   1.409841000e-03   7.561000000e-06   1.514314000e-03
     394   1.404244000e-03   6.859000000e-06   1.509411000e-03
     395   1.502507000e-03   6.805000000e-06   1.608048000e-03
     396   1.411095000e-03   6.646000000e-06   1.517088000e-03
     397   1.488088000e-03   6.457000000e-06   4.392950100e-02
     398   1.453452000e-03   8.282000000e-06   1.572698000e-03
     399   1.427513000e-03   7.838000000e-06   1.535276000e-03
     400   1.404320000e-03   6.503000000e-06   1.512552000e-03
     401   1.394892000e-03   6.485000000e-06   1.497827000e-03
     402   1.406591000e-03   6.521000000e-06   1.511485000e-03
     403   1.399388000e-03   6.814000000e-06   1.503560000e-03
     404   1.404548000e-03   7.152000000e-06   1.507812000e-03
     405   1.396740000e-03   6.429000000e-06   1.501968000e-03
     406   1.397564000e-03   6.311000000e-06   1.500585000e-03
     407   1.398508000e-03   6.577000000e-06   1.502852000e-03
     408   1.392398000e-03   6.818000000e-06   1.496172000e-03
     409   1.392932000e-03   6.455000000e-06   1.501462000e-03
     410   1.396972000e-03   6.422000000e-06   1.500505000e-03
     411   1.391130000e-03   6.711000000e-06   1.497443000e-03
     412   1.400945000e-03   6.442000000e-06   1.504808000e-03
     413   1.412567000e-03   7.215000000e-06   1.519891000e-03
     414   1.392712000e-03   6.450000000e-06   1.497583000e-03
     415   1.402753000e-03   6.370000000e-06   1.507950000e-03
     416   1.397336000e-03   8.371000000e-06   1.505050000e-03
     417   1.392998000e-03   8.136000000e-06   1.505920000e-03
     418   1.389261000e-03   7.116000000e-06   1.493291000e-03
     419   1.404617000e-03   6.906000000e-06   5.156919700e-02
     420   1.431453000e-03   9.769000000e-06   1.547598000e-03
     421   1.413940000e-03   7.381000000e-06   1.522396000e-03
     422   1.489561000e-03   8.925000000e-06   1.609167000e-03
     423   1.827269000e-03   6.934000000e-06   1.958520000e-03
     424   1.398662000e-03   7.216000000e-06   1.516440000e-03
     425   1.394698000e-03   6.640000000e-06   1.498623000e-03
     426   1.401875000e-03   8.131000000e-06   1.507636000e-03
     427   1.396087000e-03   6.750000000e-06   1.500264000e-03
     428   1.393189000e-03   7.324000000e-06   1.498156000e-03
     429   1.399059000e-03   6.548000000e-06   1.503583000e-03
     430   1.390407000e-03   6.466000000e-06   1.494227000e-03
     431   1.399648000e-03   6.436000000e-06   1.504658000e-03
     432   1.499892000e-03   6.567000000e-06   1.605633000e-03
     433   1.389634000e-03   5.901000000e-06   1.491963000e-03
     434   1.396621000e-03   6.953000001e-06   1.500533000e-03
     435   1.385504000e-03   6.539000000e-06   1.491598000e-03
     436   1.384419000e-03   7.071000000e-06   1.488587000e-03
     437   1.387609000e-03   6.850000000e-06   1.493814000e-03
     438   1.387325000e-03   8.711000000e-06   1.494112000e-03
     439   1.398216000e-03   7.214000000e-06   1.502428000e-03
     440   1.387199000e-03   7.009000000e-06   1.493204000e-03
     441   1.442920000e-03   6.590000000e-06   5.739490200e-02
     442   1.445745000e-03   8.850000000e-06   1.564162000e-03
     443   1.397140000e-03   6.991000000e-06   1.504483000e-03
     444   1.393872000e-03   6.716000000e-06   1.500046000e-03
     445   1.387250000e-03   8.555000000e-06   1.493546000e-03
     446   1.386884000e-03   7.844000000e-06   1.492311000e-03
     447   1.397991000e-03   6.623000000e-06   1.502499000e-03
     448   1.386805000e-03   7.728000000e-06   1.494546000e-03
     449   1.383606000e-03   6.464000000e-06   1.488305000e-03
     450   1.676031000e-03   6.532000000e-06   1.782803000e-03
     451   1.387671000e-03   8.841000001e-06   1.513513000e-03
     452   1.391624000e-03   7.158000000e-06   1.495228000e-03
     453   1.387299000e-03   7.036000000e-06   1.494477000e-03
     454   1.382482000e-03   6.625000000e-06   1.487584000e-03
     455   1.388975000e-03   7.154000000e-06   1.494747000e-03
     456   1.387809000e-03   7.423000000e-06   1.493798000e-03
     457   1.391763000e-03   6.989000000e-06   1.495106000e-03
     458   1.381752000e-03   7.736000000e-06   1.486798000e-03
     459   1.381785000e-03   8.296000000e-06   1.487248000e-03
     460   1.485284000e-03   7.825000001e-06   1.594961000e-03
     461   1.425142000e-03   8.067000000e-06   1.551295000e-03
     462   1.431554000e-03   6.485000000e-06   5.599674600e-02
     463   1.446267000e-03   1.058500000e-05   1.566717000e-03
     464   1.399241000e-03   1.084500000e-05   1.512285000e-03
     465   1.384317000e-03   7.246000000e-06   1.490607000e-03
     466   1.391638000e-03   8.507000000e-06   1.497944000e-03
     467   1.381976000e-03   8.816000000e-06   1.489753000e-03
     468   1.510019000e-03   6.210000000e-06   1.614590000e-03
     469   1.381313000e-03   7.058000000e-06   1.488909000e-03
     470   1.378353000e-03   6.901000000e-06   1.482803000e-03
     471   1.385276000e-03   6.881999999e-06   1.488335000e-03
     472   1.375887000e-03   7.205000000e-06   1.482734000e-03
     473   1.374721000e-03   6.880000000e-06   1.479508000e-03
     474   1.389435000e-03   7.121000000e-06   1.493069000e-03
     475   1.379323000e-03   7.072000000e-06   1.484530000e-03
     476   1.399274000e-03   8.390000000e-06   1.507094000e-03
     477   1.378784000e-03   8.534999999e-06   1.484654000e-03
     478   1.388407000e-03   6.376000000e-06   1.492977000e-03
     479   1.387027000e-03   6.761000000e-06   1.490497000e-03
     480   1.382011000e-03   7.117000000e-06   1.490352000e-03
     481   1.382628000e-03   7.322999999e-06   1.487523000e-03
     482   1.918993000e-03   6.783000001e-06   4.246000100e-02
     483   1.413337000e-03   8.772000000e-06   1.531029000e-03
     484   1.408385000e-03   7.177000000e-06   1.517443000e-03
     485   1.382707000e-03   7.462999999e-06   1.490400000e-03
     486   1.635494000e-03   7.639000000e-06   1.744119000e-03
     487   1.383109000e-03   7.434000000e-06   1.490498000e-03
     488   1.381640000e-03   7.779000001e-06   1.487268000e-03
     489   1.392775000e-03   7.361000000e-06   1.496999000e-03
     490   1.373446000e-03   7.815000000e-06   1.481683000e-03
     491   1.382654000e-03   6.601000001e-06   1.485759000e-03
     492   1.372146000e-03   7.731000000e-06   1.477144000e-03
     493   1.372758000e-03   8.424000000e-06   1.479712000e-03
     494   1.379597000e-03   6.487000000e-06   1.483366000e-03
     495   1.400192000e-03   9.138999999e-06   1.508149000e-03
     496   1.471510000e-03   7.333000000e-06   1.579109000e-03
     497   1.375327000e-03   7.006000000e-06   1.488096000e-03
     498   1.371312000e-03   7.047000000e-06   1.478119000e-03
     499   1.375808000e-03   6.297000000e-06   1.480646000e-03
     500   1.379798000e-03   7.181000000e-06   1.484500000e-03
     501   1.370393000e-03   7.010000000e-06   1.474920000e-03
     502   1.406304000e-03   6.282000000e-06   9.149472800e-02
     503   1.518769000e-03   1.042200000e-05   1.668380000e-03
     504   1.408470000e-03   7.340000001e-06   1.519965000e-03
     505   1.383304000e-03   8.564000000e-06   1.491724000e-03
     506   1.383413000e-03   7.940000000e-06   1.491915000e-03
     507   1.368209000e-03   7.479000000e-06   1.474192000e-03
     508   1.373598000e-03   7.442999999e-06   1.479983000e-03
     509   1.370883000e-03   8.076999999e-06   1.476497000e-03
     510   1.369072000e-03   7.199000000e-06   1.474952000e-03
     511   1.375644000e-03   7.453000000e-06   1.484092000e-03
     512   1.371300000e-03   8.134000000e-06   1.478931000e-03
     513   1.457915000e-03   6.772000000e-06   1.567420000e-03
     514   1.369570000e-03   8.725000000e-06   1.476659000e-03
     515   1.365541000e-03   8.420000000e-06   1.472545000e-03
     516   1.413971000e-03   8.667000000e-06   1.521074000e-03
     517   1.376680000e-03   8.606000000e-06   1.485518000e-03
     518   1.372868000e-03   7.718000000e-06   1.478435000e-03
     519   1.811045000e-03   8.421000000e-06   1.922459000e-03
     520   1.623759000e-03   9.586000000e-06   1.764580000e-03
     521   1.839680000e-03   7.676000000e-06   1.964822000e-03
     522   1.513065000e-03   1.086000000e-05   3.721216900e-02
     523   1.727916000e-03   1.299500000e-05   1.882295000e-03
     524   2.015383000e-03   1.011300000e-05   2.165633000e-03
     525   1.394140000e-03   9.254000000e-06   1.509593000e-03
     526   1.461723000e-03   1.051900000e-05   1.578774000e-03
     527   1.996155000e-03   1.109500000e-05   2.137335000e-03
     528   1.794358000e-03   1.028700000e-05   1.936524000e-03
     529   2.001015000e-03   1.175900000e-05   2.150695000e-03
     530   1.977535000e-03   1.017000000e-05   2.118587000e-03
     531   1.616257000e-03   9.244000000e-06   1.751331000e-03
     532   1.819987000e-03   8.141000000e-06   1.955178000e-03
     533   1.810969000e-03   9.339000000e-06   1.927056000e-03
     534   1.671052000e-03   1.121700000e-05   1.817273000e-03
     535   1.853143000e-03   7.802000000e-06   1.979035000e-03
     536   1.592187000e-03   9.450000000e-06   1.709113000e-03
     537   1.703017000e-03   8.061000000e-06   1.834407000e-03
     538   1.373518000e-03   7.558000000e-06   1.478642000e-03
     539   1.804822000e-03   9.529000000e-06   1.922252000e-03
     540   1.992456000e-03   1.084000000e-05   2.133788000e-03
     541   1.814181000e-03   1.178100000e-05   4.174670700e-02
     542   1.489227000e-03   1.194600000e-05   1.622999000e-03
     543   1.395065000e-03   9.666000000e-06   1.510146000e-03
     544   1.377529000e-03   9.073000000e-06   1.516127000e-03
     545   1.375080000e-03   8.243000000e-06   1.484611000e-03
     546   1.369840000e-03   8.489000000e-06   1.475393000e-03
     547   1.372855000e-03   8.142000000e-06   1.479351000e-03
     548   1.889310000e-03   1.159500000e-05   2.008192000e-03
     549   1.784573000e-03   1.077700000e-05   1.928014000e-03
     550   1.986854000e-03   1.152300000e-05   2.133915000e-03
     551   1.958588000e-03   1.008600000e-05   2.099599000e-03
     552   1.999028000e-03   9.479000000e-06   2.142991000e-03
     553   1.621566000e-03   9.876000000e-06   1.761296000e-03
     554   1.823138000e-03   9.874000001e-06   1.938369000e-03
     555   1.566082000e-03   8.990000000e-06   1.675522000e-03
     556   1.547587000e-03   1.098200000e-05   1.668800000e-03
     557   1.882095000e-03   1.047300000e-05   2.020141000e-03
     558   1.889604000e-03   8.424000000e-06   2.025132000e-03
     559   1.388474000e-03   8.046000000e-06   1.504358000e-03
     560   1.944794000e-03   1.056300000e-05   3.669425800e-02
     561   1.462895000e-03   1.176400000e-05   1.592963000e-03
     562   1.403004000e-03   9.856000000e-06   1.526601000e-03
     563   1.389821000e-03   9.780000000e-06   1.505052000e-03
     564   1.368239000e-03   9.638000000e-06   1.479149000e-03
     565   1.382898000e-03   8.634999999e-06   1.494073000e-03
     566   1.369070000e-03   8.627000000e-06   1.480748000e-03
     567   1.368875000e-03   8.498000000e-06   1.479584000e-03
     568   1.371911000e-03   8.782000000e-06   1.481033000e-03
     569   1.373475000e-03   8.663000000e-06   1.484824000e-03
     570   1.375002000e-03   8.271000000e-06   1.484506000e-03
     571   1.363409000e-03   8.874000000e-06   1.475380000e-03
     572   1.661543000e-03   1.006400000e-05   1.774678000e-03
     573   1.567623000e-03   1.085100000e-05   1.694241000e-03
     574   1.374292000e-03   8.789000001e-06   1.487308000e-03
     575   1.382101000e-03   8.633000000e-06   1.496531000e-03
     576   1.366132000e-03   8.546000000e-06   1.477753000e-03
     577   1.366416000e-03   8.727000000e-06   1.476959000e-03
     578   1.375057000e-03   8.646000000e-06   5.321217800e-02
     579   1.442833000e-03   1.188600000e-05   1.573690000e-03
     580   1.381420000e-03   1.223500000e-05   1.499730000e-03
     581   1.387060000e-03   9.007000000e-06   1.500185000e-03
     582   1.369245000e-03   9.135000000e-06   1.482555000e-03
     583   1.370800000e-03   8.730999999e-06   1.482267000e-03
     584   1.364772000e-03   8.721000000e-06   1.477268000e-03
     585   1.365049000e-03   8.719999999e-06   1.475752000e-03
     586   1.374379000e-03   8.473999999e-06   1.482314000e-03
     587   1.362113000e-03   8.576999999e-06   1.472786000e-03
     588   1.360791000e-03   7.483000000e-06   1.471327000e-03
     589   1.365438000e-03   8.989000000e-06   1.473201000e-03
     590   1.365469000e-03   8.869000000e-06   1.477304000e-03
     591   1.369530000e-03   8.489000000e-06   1.478133000e-03
     592   1.357993000e-03   8.449000000e-06   1.467264000e-03
     593   1.362006000e-03   8.689000000e-06   1.470576000e-03
     594   1.799686000e-03   1.162000000e-05   1.919672000e-03
     595   1.665269000e-03   8.685000000e-06   1.797607000e-03
     596   1.713374000e-03   8.611000000e-06   4.971681200e-02
     597   1.875170000e-03   1.618700000e-05   2.052661000e-03
     598   1.716660000e-03   9.881000000e-06   1.864887000e-03
     599   1.862020000e-03   1.134000000e-05   1.989010000e-03
     600   1.580609000e-03   1.003900000e-05   1.720009000e-03
     601   1.899259000e-03   8.503000000e-06   2.036690000e-03
